valid  = LINEMOD/GlassBeaker/test.txt
mesh = LINEMOD/GlassBeaker/GlassBeaker.ply
backup = backup_multi
name = GlassBeaker
diam = 0.10214469724494746
gpus = 0
im_width = 640
im_height = 480
fx = 612.7854614257812
fy = 611.4033203125
u0 = 312.9536437988281
v0 = 249.87350463867188
