valid  = LINEMOD/Pipette/test.txt
mesh = LINEMOD/Pipette/Pipette.ply
backup = backup_multi
name = Pipette
diam = 0.1645758631869913
gpus = 0
im_width = 640
im_height = 480
fx = 612.7854614257812
fy = 611.4033203125
u0 = 312.9536437988281
v0 = 249.87350463867188
